352
72
831
329
964
646
428
666
73
222
152
989
482
515
902
980
326
218
323
480
497
76
845
990
726
436
137
108
636
404
567
801
132
370
901
802
477
224
365
248
988
217
931
583
859
111
304
378
364
754
212
666
691
979
419
349
253
742
151
603
953
46
501
996
426
882
215
286
222
893
533
450
150
316
705
13
657
72
390
461
135
947
852
97
256
951
195
139
167
810
208
434
822
502
577
967
487
757
161
169
460
441
225
148
739
377
300
196
298
752
468
472
195
536
190
410
692
196
359
411
757
258
858
906
767
735
903
69
894
885
337
472
306
360
860
178
408
38
568
256
816
68
39
345
42
805
103
640
754
941
949
16
37
572
415
874
879
527
347
449
931
664
849
199
446
909
681
616
944
670
139
364
416
656
818
219
315
503
539
336
984
320
448
920
731
836
299
532
828
656
225
689
59
529
213
369
515
46
894
987
1000
238
151
85
790
999
736
9
223
280
670
686
521
559
108
773
146
388
620
44
248
247
766
48
714
813
171
219
812
557
670
957
851
912
544
30
286
983
783
441
644
295
891
765
456
999
797
949
214
802
276
55
249
760
84
906
610
247
909
320
39
654
430
331
645
218
36
612
844
130
523
830
806
493
775
281
123
532
287
355
228
537
255
361
73
622
401
587
449
675
911
37
766
71
864
161
555
63
589
458
371
141
398
388
216
728
757
143
732
697
183
242
335
862
394
709
453
975
600
246
643
245
399
789
62
906
714
43
657
188
575
221
297
412
829
223
302
835
946
635
728
611
103
392
731
395
145
591
769
813
789
89
851
553
95
5
724
149
750
422
657
428
839
456
968
626
573
451
533
482
962
896
307
606
469
216
373
86
584
444
433
725
260
591
725
932
51
584
602
833
458
4
169
283
689
248
358
372
689
468
600
465
785
122
705
886
932
254
217
234
650
320
489
82
633
516
758
42
985
699
485
117
569
258
717
245
793
384
133
550
477
278
491
701
98
71
838
63
832
166
145
116
516
910
141
586
105
476
449
477
723
345
425
860
759
781
992
135
522
93
218
564
501
925
219
201
938
336
414
948
61
708
371
767
426
619
329
447
751
283
987
515
517
807
25
953
977
559
494
900
921
91
594
658
693
149
379
450
188
67