965
5082
6766
157
8919
6068
1546
7695
7461
705
3566
8863
2542
7115
290
2410
4579
7282
8054
1862
3911
6529
8374
508
4339
1614
924
1984
7364
9375
7714
5329
4130
5978
4050
2988
2877
6229
6044
7595
3862
269
6115
8571
3623
6274
7460
4603
2288
958
8372
4608
4527
8470
6486
2582
5771
5769
7989
5600
4685
9798
6900
9232
3740
4635
6976
2739
4724
4264
1198
9539
5793
9777
9606
4832
4558
4738
2475
1289
9540
9101
6534
4980
6401
1103
6383
3597
8632
1728
3816
651
7982
553
9141
3534
4216
5984
1563
2181
350
7951
3844
1580
9036
4019
7645
7074
4725
2144
6988
9816
7876
5762
7777
8374
4865
8718
5671
3400
4397
6007
9063
7909
6298
4396
3322
1040
281
8382
1177
7479
9089
5104
7203
425
2953
5639
6810
629
8850
497
8874
8381
2820
2050
8551
9145
3652
8313
3394
9288
2622
337
2455
7874
1365
8163
9174
2953
8132
3593
7981
6749
544
3293
9614
8110
4876
6816
3170
4380
8360
1815
8074
5419
424
2048
9581
4451
7772
8578
1955
4227
7521
9650
9420
7909
7235
2066
1422
4701
7341
4100
2298
4635
8911
1804
5162
8144
1690
5491
4793
7308
220
2648
9022
1094
8163
4145
7863
4198
2095
4863
1838
3420
2648
111
1290
9059
5720
7581
1173
5712
855
259
4277
3092
2274
5056
6122
801
3015
9715
9379
90
1664
1734
5709
690
9433
6888
8921
5286
5808
9091
136
2023
3640
1724
3109
8016
3929
4808
7584
4710
4791
3019
6163
9133
3037
9884
8370
6823
5239
2085
596
3015
1465
8055
3320
7396
5104
2954
9894
9257
7042
9169
9044
3113
7044
4380
1185
4432
5720
4903
1233
9908
9025
128
4038
2298
501
6182
7671
2277
797
7581
1296
4378
8860
8381
2645
6175
9482
2234
3828
5986
4332
655
1814
2069
1921
9556
2082
550
5387
6446
5887
5661
6760
3317
1251
9215
4701
5985
8796
9936
6414
669
970
8693
7372
5342
8232
5015
5227
333
4661
9972
2815
8848
3267
399
3891
3559
5692
4296
8773
6881
6683
9302
5713
2623
6718
3296
7801
9440
6598
3579
3070
5004
8200
3757
4285
3101
2004
9281
9977
6999
4495
8900
3504
9496
9519
572
7229
2777
3522
2104
4858
7077
5643
7393
1920
2625
2075
5984
4861
297
1672
4346
6688
364
988
6470
7843
8013
6173
4256
4613
5499
2372
1269
4724
6282
1452
4750
9668
608
122
2378
6670
8124
9139
1092
7048
9472
7486
4212
1341
6255
6086
5425
1369
5969
1276
3972
9154
1620
1608
6200
1366
7341
4393
6301
4718
572
9985
9131
7820
7069
7014
3284
1590
8555
5382
5523
9150
639
9818
9280
7277
3558
181
5141
1708
3744
6266
5307
9119
7541
2664
9021
3678
6178
1827
6430
81
641
9791
3943
9768
7527
1531
2920
3812
3798
3880
144
2454
67
5957
1944
769
8210
2953
1209
7534
653
4059
5694
61
3540
6657
4740
6722
7870
5012
3149
4420
461
1052
8228
2189
5040
9101
6668
8910
7937
2206
8417
2355
8863
6593
1759
4622
4951
7284
9617
3139
4635
2452
6738
5087
9252
6152
8752
3334
1620
3377
718
8360
8916
604
4760
735
5340
1376
433
5143
3121
3787
6825
3098
3960
4212
7099
535
9465
4988
8322
1886
9615
2855
187
4859
9083
8592
3477
1533
8216
6910
1589
4258
5738
4881
1622
7777
9088
9576
5662
5923
2088
307
1308
5246
2337
6144
2126
9024
9036
4933
3935
4117
6812
3864
460
7620
6300
2398
3975
172
6511
9022
8629
8615
7059
8370
8387
8952
6879
969
5782
6198
8476
1483
8463
3957
5215
3707
2685
5133
1972
2866
268
1497
9718
8061
475
5695
9467
4053
5595
759
1597
4519
4596
2953
6739
2208
3554
8695
1406
6919
6988
5652
3887
9447
2389
4337
4854
8983
9147
8114
6421
3255
4461
5617
1731
4809
5546
2414
4668
714
2772
3633
2165
1788
2996
8638
958
2897
1175
9300
5073
2310
9653
1106
1670
7801
2658
5846
3209
4169
3582
5956
2419
6601
3335
2895
6500
5472
6942
8471
6419
4752
7975
1391
5916
6320
4185
7449
9528
6441
4966
7073
2187
7353
4069
1267
9478
7991
6987
1897
3324
3973
2120
9285
6162
7819
717
5624
7296
5445
8795
4796
8964
171
8150
2068
8613
8585
409
9742
341
1770
9971
4722
1072
9014
6816
4330
2049
9397
3266
7550
7860
4223
3406
1067
8326
7393
6067
6623
4616
7662
3972
3235
723
7312
9559
4037
8613
2281
7702
6610
665
7851
4291
4492
1573
4815
9577
8749
5485
5926
5357
9833
1301
3530
3187
6617
4611
3472
4893
9081
5523
1277
5887
2799
7364
3074
925
7142
7616
3173
9445
439
7928
6285
9305
9411
2606
5322
469
3328
5516
4446
8240
2381
9426
6572
4045
1171
6813
508
7760
10
2035
6167
9262
885
5323
6725
7805
6363
8776
5857
4202
1363
6407
1382
5498
8811
7806
889
8760
8597
9844
3362
4221
6351
5984
7848
3150
2365
2345
8839
3919
2533
6780
1793
1557
8439
4764
286
7034
9959
5636
849
9673
8456
5160
6538
3945
7495
282
7905
5622
1169
5416
3029
9322
7538
2034
5041
4219
2971
8873
5288
1519
847
5955
109
6746
1722
1227
3553
8744
6495
9222
8793
9046
348
8352
5371
1642
9180
2757
3894
3811
9369
9899
6316
5434
6123
3564
1101
2904
3954
6594
8336
7154
5900
4811
5424
3520
3555
1308
2881
1291
9046
3266
9581
8996
3538
5876
128
7905
4397
9523
348
7026
6432
6083
4650
2530
7086
4356
3342
7321
7908
4553
8917
5518
2799
7881
2078
442
6693
7844
7314
1736
5585
5837
3057
1976
9055
1766
3882
3794
1039
4730
4295
9960
5801
3299
4211
2997
8782
2651
2905
9313
2695
128
5786
3926
7997
1729
4474
8109
1972
3717
9288
3009
2900
5435
3817
1782
8581
3867
2719
6130
3702
1531
4075
2617
2234
3663
4908
4263
2193
3080
4882
3557
3694
812
8260
9647
5498
2310
3994
1085
2356
2468
1864
2173
3043
3375
7464
833
938
3048
3603
2772
4854
1229
4667
4376
5943
618
3016
6252
6440
6845
813
8345
6253
6322
2726
4811
3785
7693
2849
3197
9865
9285
7830
2397
7905
2653
7444
6143
3312
8383
1273
733
3042
562
61
3275
658
9722
380
2664
3226
7294
654
8673
2169
1236
2741
480
1775
9033
7522
9906
9352
685
2501
8055
5378
9322
5087
2402
5677
9878
2597
4479
1039
8046
3283
436
8385
9842
7275
8720
7529
9984
6425
5601
5540
5272
6676
9234
9008
1374
6451
4849
6099
2686
6633
4350
9996
3994
4830
3887
9012
7151
2780
1792
80
6710
8883
5256
2662
7542
7113
9207
3578
9190
8034
6156
772
7600
4359
1507
8639
3649
2694
8043
2848
4974
326
6406
8801
2336
7110
9705
4825
1328
7137
4275
3226
3037
9551
3851
1223
6346
475
5826
3440
549
6060
327
9003
6226
9379
329
4673
1334
5440
1111
5362
4495
689
324
1702
4625
1961
5158
9553
9115
5672
1773
225
4200
6956
961
8919
5666
8148
2820
4528
3921
2381
9542
9519
3168
507
6279
7273
6288
2854
2136
9181
4102
6718
9786
8942
768
6652
5624
9182
3606
5926
8737
6904
9739
9423
653
6522
7314
9849
2849
6078
5085
9511
5885
1347
1872
9604
5314
2573
8436
2810
2257
325
5224
2656
3951
1982
8850
1187
8324
646
9283
1327
4499
6196
457
1114
9540
6965
4254
1133
9517
8189
8477
1312
95
1596
5141
8641
8700
4894
4757
513
6375
831
9095
7627
7236
7978
1978
6209
4718
4380
2808
9701
5495
6265
3782
5361
7850
2042
6250
8564
8124
3490
7126
9834
4769
7756
3410
4150
1227
8067
808
4815
8286
1069
1209
3620
5679
9557
2173
8652
906
8115
5176
2702
1394
5803
8920
4906
3955
3855
4922
3203
9427
1361
3372
2586
4583
264
1661
1736
8819
9278
6033
2359
9113
9477
6209
3518
3555
3476
8095
5191
7723
7378
1542
9038
5879
3725
8464
7224
7698
7526
4754
5053
9989
6541
3394
3108
5365
3621
8553
5178
3478
948
9843
8671
7342
7306
8578
2893
1028
6459
8866
4517
2358
8970
9720
4024
8634
8739
7236
3119
5292
8789
7158
7591
1767
5835
9693
8444
3839
6822
7849
8433
9530
3385
9474
6938
6735
3616
8370
2790
5718
9101
8093
7292
3439
4816
9041
5776
9279
4131
3800
3106
3013
3663
3322
8788
8283
4607
4544
6278
9736
9647
2067
6688
8002
2752
8867
7515
3153
6923
964
6140
1646
479
5858
5854
346
6089
9653
5835
1563
6191
2847
6247
705
297
9986
329
983
4076
8016
8022
2357
3796
1930
1260
547
766
7305
9592
9255
6271
7275
8948
2095
7172
8085
8912
459
392
4072
892
8561
4219
7566
9344
1380
197
8595
617
8527
7591
1296
3328
8554
8809
6418
5431
6095
2278
7321
6275
6215
7201
8941
8753
8094
418
9419
5047
4405
2880
7405
968
7318
6749
1112
5074
3201
681
4671
3272
7205
2164
2821
5271
9627
4723
2143
360
6924
2013
6951
1969
7907
5251
4765
440
5277
2955
5224
4837
877
440
1466
8562
6252
1351
6178
3185
1341
1303
9627
5771
9711
8982
7954
9537
9771
9637
9669
3808
6638
5543
3014
8454
6704
3419
2271
5803
3666
3187
9935
4511
3223
9793
8626
3310
1065
6893
2719
6034
3164
5973
7387
5333
5968
2834
8636
9680
3312
1058
4696
7189
7559
2936
6987
3382
2562
2684
4982
7761
9472
5392
9813
4697
6551
5024
2265
3153
6240
324
6612
23
7618
934
3316
5082
6780
8747
6710
3002
6316
3232
3356
6251
5453
6771
2713
3829
2893
5546
8456
1835
764
9939
3117
9622
8240
1738
7779
1006
9510
1440
8229
6660
915
9374
920
3679
6024
9302
1685
9537
2404
946
6149
1013
8243
7292
4948
5783
6548
8985
2984
8768
569
7811
3739
2364
4631
3457
9364
9706
973
8405
4645
1535
3586
2722
5197
7111
8359
4567
285
9898
5643
1085
8567
2055
4765
7465
1634
9760
476
4078
3162
6161
6539
1346
8485
4318
3696
1835
7360
3400
5307
6790
9064
75
8292
8564
8341
2199
5357
9186
5153
4473
5879
2547
5894
8886
224
5036
516
467
3193
5035
2370
4900
6294
8597
7116
591
1183
4507
5835
3564
3092
312
2115
9340
1021
4442
6694
1186
2815
202
3461
6882
6554
5674
5638
4533
2623
4634
9505
4358
927
2198
8708
4604
5679
8256
9575
5029
6520
9717
6266
9707
6986
5903
1178
1317
9264
3671
994
2765
8111
4740
7246
2441
1321
4628
1307
4920
3198
2278
5146
411
7874
2562
2068
1966
1753
1014
4072
7634
1118
7389
1455
4568
803
2366
1584
9420
2643
6095
5039
4059
4291
307
256
7234
2328
4695
5705
1076
3234
8981
2822
3272
7237
9795
8198
3789
5992
8796
2483
8923
6438
8984
2719
4136
594
3370
9625
1891
7928
5462
7647
4576
5135
4013
6398
2192
810
774
6516
6685
6637
5003
727
5151
4621
7197
2142
6302
9520
6645
5677
1956
1876
5561
7438
3918
9580
7542
2714
4895
36
9840
456
7473
1413
6163
6460
2377
7604
6197
2225
2373
3621
1307
7201
2789
3150
3797
5840
8356
7606
4502
7897
6017
8636
35
1632
6382
1443
4920
9591
9684
2827
6081
1596
7249
27
2908
3856
9376
8666
9097
7618
9811
3662
4506
7385
3998
9052
7037
6048
3731
1597
1507
2972
2438
3425
4124
202
6541
4765
7665
6867
2278
8832
8958
9793
1237
2436
4074
8507
2552
8752
980
2460
3352
7674
8876
2402
3038
4378
7659
7363
8960
4841
2896
5930
8423
1912
8407
6654
4926
7582
7960
8195
8041
7593
7178
698
1984
7861
9106
8947
6246
1866
972
9620
810
543
4692
1265
3689
2205
2114
8267
6734
4031
2256
8198
4904
933
4505
4273
7078
6856
4879
6250
8769
7640
8665
8234
8022
4833
1975
9724
1102
2571
9556
6364
4220
7328
6343
9210
211
9657
3526
7693
1186
6418
4487
2804
509
5996
8484
3944
9352
9713
2907
2749
4802
7090
1647
3591
1884
8460
7710
2554
4181
3257
5280
5241
8099
4290
1225
8624
1536
9890
187
141
6047
7046
7771
4105
7801
7537
3677
6117
424
1468
1199
335
8576
5050
2432
2868
8261
3210
7899
79
1437
5782
20
5296
4994
9256
4893
4520
2404
5547
2597
4016
4553
7263
6238
1977
2802
7879
5545
6862
8171
9197
961
8981
4142
822
4400
6021
9542
1535
3346
546
5211
9206
7204
1923
4750
4790
8760
21
3138
8346
744
7576
9653
1490
5301
2423
4202
8835
667
3333
8597
9145
5330
3187
5554
264
6388
4462
4066
7072
7462
4261
5026
15
5893
4488
2954
8000
4046
859
8255
3905
5465
7162
8662
546
1331
5351
9382
9065
7655
6160
9320
739
5497
3819
9198
9957
9583
5363
1885
4496
9515
2732
7176
6531
8761
1505
4042
571
1922
9888
6416
7173
7211
4107
801
7139
5757
7823
7418
7485
1249
3953
4042
6207
4040
3460
3239
2049
164
9207
5004
8676
503
4188
9248
2311
5814
2772
6291
5305
6265
4245
4615
2154
2546
5549
9433
2250
8103
5408
8075
1971
3054
142
8047
5858
7076
1792
1138
2559
4105
2288
9586
9407
6988
824
2621
3727
3071
1763
9576
8305
8950
1600
201
7763
4530
422
4226
1914
7092
2673
6715
5870
8032
4761
1034
2735
9984
1795
2961
6597
4065
5025
9252
9093
6751
6085
6261
3695
504
8628
7854
1428
9647
1877
3354
7989
703
1096
9905
9495
7049
1763
7087
4403
7645
5736
7343
4570
5713
3282
9145
9733
2097
8062
6437
4378
2275
8263
8474
5130
8597
6154
7112
8504
6262
1576
9278
8052
6845
201
5049
117
1418
9181
6506
1574
4279
2413
9859
5239
8427
6289
158
6420
795
1483
377
5058
7933
7649
913
550
9690
1736
8858
4528
5295
8171
857
6884
6449
8635
2767
5177
8874
3361
4194
5082
8676
3182
4009
6219
9601
9107
4019
4438
3909
2621
9637
594
545
1896
3119
6805
8764
4340
9209
3200
271
7109
4671
8185
7854
9572
8710
774
206
6915
3898
5525
6760
1694
982
4712
4184
2525
8910
8270
8098
5222
8428
9565
5266
1407
2262
6907
894
7201
2568
9213
890
5224
4772
1446
4391
7302
8386
4464
8730
6856
613
9001
405
2577
5500
8389
964
6002
9042
9457
5094
859
179
2824
9573
2682
6955
3342
2612
5650
1724
4409
2020
1352
8747
4384
5714
5719
7096
1340
5937
5827
649
235
2208
9402
3762
5587
8408
2759
7378
4803
5013
4400
8541
3365
9742
7359
6130
5760
9122
5277
8072
4107
2592
8778
7210
5211
4019
7178
1052
6669
7032
5097
4840
1119
6894
7679
3226
3208
6601
8559
8100
6280
4531
777
5774
4490
5424
4607
1294
5575
3532
5077
145
2692
5283
273
979
2795
636
866
9360
3271
2771
2894
4295
1528
3890
2675
9736
8311
5467
6831
1322
1492
6340
5002
7499
8203
6848
2753
5621
3172
2886
1070
8489
2218
2320
1458
4267
179
5506
9797
6122
8158
9173
2869
6458
9084
4911
9690
4864
9028
5569
1002
9321
3002
7933
1592
9416
6490
9041
7206
6282
142
6212
9372
6151
1088
7612
8513
6631
5177
7146
6
8110
2151
6371
6018
9238
8605
6235
4568
8567
5668
4256
9525
6902
7407
1665
8997
5927
141
9625
1013
6448
6008
5723
6083
1980
3978
2299
6913
3625
3375
9143
6617
7967
5109
2625
3546
8157
8624
7738
177
2193
5722
1548
3651
8675
2327
7795
1814
3310
439
1050
8192
1485
5381
2734
9463
3070
4556
2977
8167
1638
8218
8909
8466
3809
6844
3698
5201
6035
8536
1342
8793
9504
6234
1496
3305
2373
9494
6105
6928
2209
9212
9800
635
6563
9626
7681
2444
17
2139
5105
1222
5074
2557
3904
404
7177
7296
9419
1130
7710
9979
6109
5732
2523
72
5993
5706
3536
352
7783
1077
2787
6481
1112
2267
3879
827
9448
8374
4136
9386
3680
6467
6769
9166
9172
6053
6442
8742
9119
2858
7969
2619
25
8070
6451
3337
8515
4795
823
7752
5759
1546
8264
2681
8894
2291
4125
7435
5015
8985
8327
2990
6385
1569
9942
6367
5998
2824
4920
4561
6020
3316
64
525
8440
6371
4702
5600
6793
1648
9056
3683
1798
2740
2997
4840
910
9224
6618
464
8547
9113
6243
8105
3065
9092
9735
8853
3760
9153
5384
6390
4267
6813
270
5525
141
6095
4896
3169
9888
8396
5582
517
2977
6821
7997
163
6715
6846
8144
7708
9854
5530
7935
6721
4028
7714
2503
99
1024
3060
3742
4183
6683
2648
9248
7622
5484
2014
4139
2481
8779
8547
9908
49
1139
9299
4645
6268
730
8232
7891
3108
4062
2528
6383
3417
1021
1565
4825
911
641
2101
1948
1962
9622
9610
395
6998
5817
7716
4214
8275
2176
9994
184
1469
7280
4208
2192
9657
8878
634
3673
7660
7126
5263
7928
470
817
3305
7571
379
695
9112
2793
5522
3265
9526
5937
4823
9545
9061
5218
139
9616
5237
4828
2651
6204
1410
6162
2718
6973
6810
3413
9239
3370
1611
1694
7643
9452
7899
4135
268
7446
6641
4726
7716
4303
9809
5431
7422
303
9078
2773
9245
5202
1591
1957
8496
5163
5371
8784
3549
7000
713
634
1146
1582
1785
1027
5916
3665
3766
7386
1814
1410
9061
1401
2867
9590
2478
7537
190
958
1401
1795
4398
5784
501
7479
7184
2770
5121
317
4204
6102
4237
7918
1450
3254
235
5006
3069
421
4767
784
4189
8272
9590
309
7939
3127
1234
8659
4989
6076
5971
6655
7329
6263
1298
1110
6174
5539
9335
5933
5518
8985
5610
9891
9160
5607
598
4528
8739
3500
3082
1037
788
9154
1481
9775
1896
8489
3937
4865
5277
7372
8808
493
8250
2995
4067
8230
9776
3764
4480
917
1176
2086
8707
6767
5803
8643
222
367
4977
9929
6570
6565
2593
2206
4114
6810
7223
5518
8798
7967
1203
1411
6749
1985
4302
7823
6139
5195
6456
9608
7026
3177
5661
2928
6045
8484
8406
8880
5160
398
7099
6321
1619
8572
3942
5303
6773
2507
7058
7051
6797
3120
2435
1107
8020
2081
9072
6704
7567
3193
6779
8179
5184
5836
2385
5820
8907
215
4108
1441
966
7714
165
2344
3178
8742
3623
6417
3815
53
4240
4387
4163
8698
5408
7713
4259
1838
4196
4361
5762
7316
2972
2585
9310
9970
168
3694
1154
1180
9970
4490
3022
6286
9268
2209
2979
6838
2842
3345
218
6636
3506
6427
5668
6736
4800
9314
124
3886
5678
8943
5465
2415
4529
1967
1712
8239
9078
745
2054
1303
6155
144
3730
1975
43
6001
9537
6818
8497
2857
7587
5269
7246
4983
2451
1189
229
4265
5172
7684
403
2838
7879
1472
7196
2695
3353
3256
6384
4051
2793
1996
669
5829
5464
2848
3934
7260
5400
1772
4289
159
5127
7795
2647
2554
7141
3118
4484
6810
4400
293
1014
9713
5137
9801
5426
9719
1855
4145
9161
6797
9186
3839
7466
5903
8626
2269
2738
405
6174
4809
7134
4118
2824
7819
3329
186
3373
2735
7921
4681
5506
8116
2875
2309
2043
6240
9031
2018
1669
2301
662
3198
7235
1219
1655
9936
8166
2931
6954
4417
1380
7822
1404
1857
6907
4688
5905
2248
6384
1084
3439
1707
1184
2389
6566
8342
3271
8535
8702
9148
271
8176
1450
2440
5840
3870
648
3150
2502
7429
8010
8116
4273
5245
6590
4662
8453
6710
5737
8475
5169
1418
1283
1586
5421
237
700
1624
5964
8291
333
9
9233
8078
3481
543
8590
642
8881
3516
7256
9784
5238
9937
7254
9355
6570
8649
4264
7058
1152
341
8421
7370
770
3716
3884
3936
5808
3998
6828
4712
86
4589
7535
3884
4359
2201
113
9493
9429
8303
4094
7023
4835
5661
3418
4204
8514
8508
9018
4440
2247
5514
8511
1779
1837
9491
7507
8448
6535
6268
6524
7898
6382
7932
9885
4526
888
1464
5036
521
8122
1753
9918
7246
6276
635
3694
148
8938
2501
6973
106
1940
7600
1012
5944
1771
6069
21
8244
9619
5224
1263
7293
744
4251
4575
4983
1041
7824
6099
6035
7378
6799
4683
7754
845
6304
3897
2551
5752
4982
487
1390
9722
7593
4967
9533
5262
2238
7877
7661
1946
6132
745
4276
6634
6093
2569
2459
8741
2087
3116
2039
8082
8854
4153
598
3843
3936
4413
6488
2846
1125
2555
9816
9405
6041
5053
3637
9772
6592
473
7857
6143
1332
607
5317
3366
950
3551
1951
4489
335
1896
265
6461
2689
3179
5367
1737
5487
5454
93
2578
8229
8860
1147
7009
3270
6378
5414
1399
8512
8164
8371
2727
7822
5797
8323
6257
6442
374
4406
2319
8636
381
1629
4536
1396
5671
1280
7459
4240
8481
4024
2550
170
336
955
6971
7730
6577
7634
4291
6035
7882
5960
613
8356
6574
9681
95
1181
5056
3332
9901
6660
1215
3879
4760
3843
3200
7462
8885
9064
474
8639
4878
2089
5098
2125
3214
6753
4198
1710
7862
4764
190
7235
6061
8714
5439
8020
7764
2452
6834
2238
4151
6745
6929
7963
3503
7986
6778
9691
5460
7498
2620
9044
8816
6324
5485
6932
4895
5560
3438
8334
1058
5438
2182
5049
3507
4022
9515
1361
9619
1329
9872
6871
8911
9871
5096
2236
4273
1606
9977
7222
5171
1515
2667
3388
9502
6833
15
5652
6880
1371
4349
646
1868
7135
7093
3021
4956
5690
87
1114
7073
6378
3151
5588
4635
3563
9864
3504
724
786
3329
7016
4390
3055
9932
6204
3725
5795
3011
1506
5031
4830
1974
3258
1048
9939
8127
6643
3963
122
4887
4884
5986
4914
1649
1688
2830
337
3459
4137
330
1353
4662
9815
1586
9530
323
8758
3569
9518
9277
3073
679
2068
8381
974
5674
4316
6168
768
6292
6412
8605
579
4266
6365
1723
1304
6156
5253
7600
3325
2200
6993
5308
9031
3897
5455
4019
5278
3550
1126
913
1286
4501
7602
9031
4438
9621
8896
2644
839
6107
1074
4144
6619
6572
9679
2242
3127
8698
7786
4993
1566
8514
3149
359
5243
9473
4867
9521
7946
103
6191
115
3764
4180
3404
6504
8998
223
3185
7223
1453
9781
8128
9378
880
4174
3644
3432
1929
5531
6325
7914
5777
4556
1250
1147
9751
9838
9993
1296
2477
9969
7853
5062
208
392
8805
5043
3201
3738
6933
6885
9605
1589
5403
8439
3717
18
1257
802
7571
8003
5226
5120
9402
4137
3186
3660
6560
3554
2470
9205
9643
3760
9477
3552
2301
1301
6578
573
637
5114
5247
5490
675
8783
6183
9332
5264
8957
7944
2053
504
8183
3548
423
3133
6446
5299
9182
5177
867
4462
5171
1847
3832
4906
8772
1151
6192
662
5177
7628
2917
8595
6354
2748
440
2488
7821
1395
5074
1135
7299
6412
905
8240
3122
638
5455
1671
4389
902
3157
2324
2575
6711
4636
9903
6598
3707
8556
6550
4348
9812
6781
5861
4506
1907
7443
49
3189
8436
519
33
1474
2756
9583
6169
4693
2193
8992
4100
149
3356
8906
2877
8300
6525
8194
378
8555
356
7373
9670
5050
7271
3687
9450
9244
5741
5428
8567
7568
3829
4958
1202
3429
9988
6781
9788
9221
4265
4964
685
7074
3183
2600
9517
9391
4718
8524
8959
6293
2446
8791
4538
2901
9498
1223
5333
3549
1597
8735
9198
5252
6491
3964
7190
1119
3726
3141
7997
7254
5932
769
5430
8705
9009
258
7287
9531
79
7551
1056
4569
9102
3295
9205
6532
3377
609
4329
6625
7511
3801
841
5570
427
3429
9074
3366
9721
9325
512
5291
5964
1737
2948
2516
7049
8716
6032
8373
7858
7134
355
7371
6792
6792
5068
4697
5584
4008
2668
5053
7888
1669
6365
7648
599
3724
3928
4044
9894
9816
3096
8697
6751
3713
521
1264
6360
6955
8732
1633
2412
1759
2714
5503
1710
4614
8322
6104
7195
5250
7553
5315
2795
8999
4237
1426
9492
22
4334
3799
5643
2571
2522
8355
1463
8188
2443
5673
5940
4002
5342
2146
7537
996
6795
9897
1399
6606
1244
934
4342
6593
9309
8456
2013
5620
1598
4075
9573
8712
7399
3242
2220
9593
6041
2638
7241
6288
6429
1236
8288
7941
3579
876
1988
4386
9577
8141
2692
9715
5246
2487
7556
3498
5698
2593
5401
4094
164
1056
6320
3491
8519
6505
4955
5110
5178
9469
9865
5999
9475
7171
3985
3256
6967
5108
4587
6093
8472
6048
4443
1673
7276
7694
3515
1792
9301
1200
7076
1244
2755
677
6328
6750
6418
5207
1039
7510
9441
53
8907
7566
8497
1388
9098
5760
6309
5774
1673
7512
9276
3124
224
1237
9881
8703
9117
9192
5995
5482
5088
7215
6046
9516
1392
620
1293
2906
5017
9693
8945
1753
723
2001
1355
3009
6176
6672
1946
7501
625
9529
8010
3214
9317
9513
969
2511
672
6519
8503
5348
3972
8397
3257
7964
5918
9664
2218
1717
799
6016
8719
1822
3813
3163
901
7256
7382
9693
8618
4837
8313
9202
8596
8099
7825
9739
9938
9650
4470
8671
8221
5408
3601
457
8474
1895
2996
3247
5903
9420
8197
6578
7455
7448
133
4977
9284
2483
4736
1945
2872
508
5731
8808
784
5317
757
7199
8086
8347
708
836
225
404
4701
2519
771
1761
1928
8589
6591
6979
2317
2824
2405
2186
9719
200
9051
4984
4259
5082
6729
7955
8516
126
257
842
9655
5703
9866
8687
6094
1628
328
2946
8780
1595
7401
655
892
1741
4478
4654
1278
8597
5076
7768
9502
5265
5326
1481
5586
7427
7537
385
7985
3914
5339
7732
7547
9753
7601
225
9672
1577
724
2576
1057
1674
2191
8709
5525
3717
8112
2177
2985
9677
3200
7703
8016
467
4785
2908
6178
4649
7731
567
60
974
1426
3289
4020
5960
5152
1622
1110
8432
3099
1601
8768
3063
1114
246
2647
8311
3417
2112
8484
4436
7967
9083
1711
1489
6648
6819
2070
6878
3492
6204
1082
1119
5531
3131
2230
3800
3291
8193
4908
8757
7615
5896
1518
5574
3198
2678
4486
4952
5758
9039
1667
9198
1987
4295
5280
1806
1415
276
4978
7880
6007
1458
1375
9137
7736
9184
9541
1982
5781
7831
4238
2812
310
7083
8894
1836
3070
6266
1702
9595
5105
5570
6361
7424
5360
3647
6295
1039
6083
9474
8651
8091
818
7693
1230
535
8175
1882
1991
9549
4467
3084
6240
72
8132
5069
6357
3628
4255
8454
1371
774
8712
6077
9914
77
9772
3432
5737
392
4399
7953
6165
9577
5990
9570
5597
4295
915
3583
1437
5433
6009
8770
1541
6398
1563
5618
6758
5642
581
5421
1064
4507
4182
8068
7674
3338
2441
310
8248
4172
1838
4388
2818
1352
4858
212
5647
4451
4312
3361
4781
4503
5738
5888
9699
9954
7472
2877
5413
4843
99
6324
723
4367
2751
5867
3151
6681
6219
188
4632
4753
6438
8961
5384
7419
3936
920
8231
2336
34
1382
2218
6522
8699
8216
8860
4184
6968
8692
7287
1969
6174
5694
6846
1350
5671
998
826
6416
4264
1663
2319
8073
9883
3771
1547
3414
3517
770
9386
354
7733
9937
7433
9030
5920
750
6885
8724
2533
8634
431
3106
6618
8528
2719
1604
8227
3114
4657
6883
4369
6658
6176
4473
7151
70
9342
2334
8036
4533
1261
4652
1910
2294
2493
8543
1516
1655
210
4537
3693
3187
6945
6098
810
4477
8248
3020
1189
3977
6519
8996
6941
5626
943
9124
8183
5894
3141
3318
5467
3061
2146
7443
6312
3752
3610
6490
3268
8871
6055
6172
5731
1875
3842
2563
4051
3786
2190
3459
35
6456
1281
1737
2750
3594
6847
2384
936
1455
1396
7890
1075
3879
8990
7403
526
9437
7141
2650
8491
2001
6968
945
9644
4302
3318
1931
8009
5034
2101
3117
5248
2108
8994
293
1497
9831
9414
2447
4565
5749
2817
3591
1971
2479
437
536
7758
4424
9154
6035
5271
4266
3177
651
554
7096
1039
2957
4751
2866
9505
6766
256
1063
9247
8780
162
245
694
8742
3058
2811
1597
8840
2365
7344
9387
1822
1963
3309
7939
569
4393
9861
7278
8448
6419
3861
3844
910
3354
9285
5494
6617
1527
8622
9930
7859
8636
567
5636
5993
5475
3784
958
4249
4214
7567
804
5696
4538
1168
4686
913
3000
8550
379
2722
8969
9401
3686
4001
3614
5880
6008
3044
7113
9558
1690
701
7724
1457
9876
7948
7452
4845
3159
6926
2225
1487
1748
4356
9293
8549
5207
1198
1766
2963
6115
3558
2114
5064
8171
7370
2334
6911
9434
2401
3707
4785
7856
9950
9957
7096
7130
962
9313
2031
1341
3116
6003
5093
7470
2315
4282
3264
6305
4037
6376
5821
4236
8768
4337
118
8407
781
8607
7789
8482
948
6736
6437
2643
2347
6429
4751
3546
9952
7335
850
675
1126
7504
628
9864
4204
8387
6213
368
1496
4418
9067
2872
6163
6922
5319
7772
8462
4373
3606
4243
4803
8971
3540
3060
2454
902
2428
1656
8666
9729
5610
2158
704
9275
9553
9140
1514
990
4952
4601
7165
8455
1022
2397
1877
1457
8735
3681
6306
6675
4815
6416
2465
7586
8932
6393
2165
68
2896
9400
7044
6723
1787
9360
8110
3417
991
2456
3528
1934
5885
367
6663
8044
4509
4189
6680
5995
114
6471
4860
1550
2956
2206
3377
4312
6647
5045
3084
1900
6753
6990
5473
8065
6089
9712
2357
5918
1955
5766
859
3623
3128
9879
8299
6164
1242
8285
9169
2250
7636
8596
4145
4201
8128
3826
824
6754
5139
8701
8205
9202
5507
2493
3431
8271
632
496
7016
9005
8464
2627
2215
3422
3421
5700
6636
1892
9881
4177
9780
7812
7674
5532
6148
4457
8272
7630
8153
9154
5562
7508
7422
7738
9097
3371
552
3889
7517
324
5900
5099
2091
3523
2832
69
416
6650
2686
1952
2255
1309
2612
4924
1398
9682
3737
2978
2079
8215
282
8910
3058
9871
5970
7671
744
2266
9257
9324
6570
2496
3491